# R script for Peak Model
#  -- generated by MACS
p <- c(0.03224838660022753,0.03731400598004538,0.04277997269794561,0.04813972481594644,0.0536220322415235,0.054136764533343706,0.054218468071727866,0.05369556542606924,0.053442284457078354,0.05416127559485895,0.053515817641624094,0.05364654330303875,0.053458625164755184,0.05356483976465459,0.05325436631879479,0.05255171588869102,0.05241281987343795,0.05298474464212706,0.05299291499596548,0.05281316721152033,0.05363020259536192,0.05402237957960588,0.05461881540981024,0.05469234859435598,0.054251149487081526,0.05462698576364866,0.054259319840919945,0.0539815278104138,0.053671054364554,0.05394884639506014,0.05298474464212706,0.0525925676578831,0.05205332430454765,0.051432377412828044,0.05152225130505062,0.051277140689898144,0.05177553227404151,0.05266610084242884,0.053385091980209444,0.05317266278041063,0.053393262334047856,0.05372824684142291,0.053573010118493004,0.054332853025465686,0.05507635522476153,0.05502733310173104,0.05457796364061816,0.05394884639506014,0.053295218087986866,0.053205344195764295,0.053376921626371025,0.05380995037980707,0.054136764533343706,0.0536220322415235,0.053327899503340534,0.053238025611117956,0.05294389287293498,0.05304193711899598,0.05380995037980707,0.0538753132105144,0.05372007648758449,0.05309912959586489,0.0525925676578831,0.05291938181141974,0.05297657428828865,0.05302559641131914,0.053246195964956375,0.05282133756535875,0.05251086411949894,0.05200430218151716,0.052069665012224486,0.05225758315050805,0.05282133756535875,0.05264158978091359,0.05273146367313617,0.05313181101121855,0.053417773395563105,0.054079572056474796,0.05389165391819123,0.05396518710273697,0.0538753132105144,0.05360569153384667,0.05265793048859043,0.05263341942707518,0.05245367164263003,0.05270695261162092,0.05261707871939835,0.052429160581114784,0.052461841996468445,0.05273963402697459,0.05282133756535875,0.052126857489093396,0.05281316721152033,0.05283767827303558,0.05296840393445023,0.05202064288919399,0.05193893935080983,0.051375184935959134,0.051195437151513985,0.05081143052110844,0.05074606769040111,0.05073789733656269,0.05078691945959319,0.05075423804423952,0.05081143052110844,0.05070521592120903,0.050321209290803484,0.05062351238282487,0.05019048362938883,0.050419253536864474,0.05004341726029734,0.05069704556737061,0.05046010530605655,0.050419253536864474,0.04956953673766922,0.05024767610625774,0.050549979198279124,0.05052546813676388,0.050549979198279124,0.05086862299797735,0.05145688847434329,0.051154585382321906,0.051391525643635964,0.05060717167514804,0.05130165175141339,0.05106471149009933,0.05097483759787676,0.05099117830555359,0.051489569889696954,0.05145688847434329,0.051367014582120715,0.051170926089998736,0.05097483759787676,0.05184906545858725,0.05178370262787993,0.051473229182020123,0.05159578448959636,0.051309822105251805,0.05098300795171517,0.050239505752419325,0.0498146473528217,0.05051729778292546,0.050223165044742495,0.04993720266039794,0.04994537301423635,0.050451934952218135,0.050394742475349225,0.05091764512100784,0.05174285085868785,0.05220039067363914,0.05262524907323676,0.052233072088992805,0.052600738011721514,0.05301742605748073,0.05321351454960271,0.05271512296545934,0.052388308811922704,0.05176736192020309,0.05171016944333418,0.05183272475091042,0.0520778353660629,0.052249412796669635,0.052110516781416566,0.05196345041232508,0.05186540616626409,0.052233072088992805,0.05340960304172469,0.053597521180008253,0.05265793048859043,0.05252720482717577,0.052371968104245874,0.05211868713525498,0.05193893935080983,0.05190625793545617,0.052306605273538545,0.05225758315050805,0.05190625793545617,0.05211868713525498,0.05258439730404468,0.05231477562737696,0.05289487074990449,0.05275597473465142,0.05282133756535875,0.05305827782667281,0.052298434919700126,0.05203698359687082,0.05205332430454765,0.0516693176741421,0.05174285085868785,0.05177553227404151,0.05087679335181576,0.05098300795171517,0.05101568936706884,0.05061534202898645,0.05097483759787676,0.05180821368939517,0.05198796147384033,0.052184049965962306,0.05217587961212389,0.05269878225778251,0.05327070702647162,0.05393250568738331,0.054553452579102914,0.05496197027102371,0.05553389503971282,0.055190740178499356,0.05514171805546886,0.05480673354809381,0.055190740178499356,0.05483124460960905,0.05416944594869737,0.05388348356435281,0.0538753132105144,0.05392433533354489,0.05404689064112113,0.05376092825677657,0.0541857866563742,0.05483941496344747,0.05465966717900232,0.055231591947691436,0.05595875343931045,0.05607313839304827,0.05627739723900867,0.05679212953082887,0.056555189269514805,0.05790329765285343,0.05863862949831086,0.060419766635085526,0.06172702324923207,0.06171885289539365,0.06193945244903088,0.06264210287913465,0.06260125110994257,0.06202932634125346,0.06197213386438454,0.061710682541555234,0.06092632857306731,0.05912885072861582,0.058467052067704126,0.05989686398942691,0.06076292149629899,0.06182506749529306,0.06335292366307683,0.06465200992338496,0.06626973998339131,0.0675034634129921,0.06847573551976359,0.07045296114866025,0.0706899014099743,0.0698646956722943,0.069505200103404,0.06835318021218735,0.06718481961329388,0.06621254750652239,0.06496248336924476,0.0636470564012598,0.0630833019864091,0.061490082987918006,0.06125314272660395,0.06074658078862216,0.06020733743528671,0.060427936988923944,0.06008478212771048,0.060436107342762356,0.06073841043478374,0.06032989274286295,0.06032989274286295,0.06092632857306731,0.06085279538852157,0.061473742280241175,0.06185774891064672,0.06196396351054613,0.062274436956405936,0.06193128209519247,0.061449231218725926,0.0620538374027687,0.06213554094115286,0.06187408961832355,0.0625195475715584,0.06190677103367722,0.06198847457206138,0.06216822235650653,0.06242150332549742,0.0630833019864091,0.06408825550853427,0.06422715152378733,0.06466018027722338,0.0644722621389398,0.06381046347802811,0.06382680418570495,0.06363071569358297,0.06350816038600673,0.06315683517095486,0.0633365829554,0.06340194578610733,0.06351633073984515,0.06357352321671406,0.063434627201461,0.06430885506217149,0.06523210504591248,0.06632693246026021,0.0675034634129921,0.06836952091986419,0.06932545231895886,0.0708941602559347,0.0716621735167458,0.07213605403937391,0.0732063703922064,0.07411327966827057,0.07453813806786819,0.07510189248271888,0.07452179736019135,0.07474239691382858,0.07540419557474028,0.07449728629867611,0.07534700309787136,0.07553492123615493,0.07703009598858504,0.07728337695757592,0.07796151632616445,0.07777359818788088,0.07933413577101832,0.08005312690879891,0.07997959372425317,0.08015117115485991,0.07961192780152446,0.0797835052321312,0.07979167558596961,0.07988154947819218,0.07975899417061594,0.08060054061597278,0.08134404281526862,0.08243069987577795,0.08283921756769873,0.08431805161245201,0.08512691664245518,0.08577237459569004,0.0867283059947847,0.08739010465569638,0.08858297631610511,0.08855029490075145,0.0876515559785257,0.08690805377922985,0.08726754934812014,0.08657306927185479,0.08705512014832134,0.0871368236867055,0.08641783254892489,0.08712048297902866,0.08774960022458668,0.08830518428559897,0.0892447749770168,0.09049483911429443,0.09076446079096215,0.09213708023581602,0.09230865766642275,0.0929541156196576,0.09353421074218514,0.09373846958814554,0.09345250720380098,0.09371395852663028,0.09390187666491386,0.09395906914178276,0.09409796515703583,0.09411430586471267,0.09507023726380733,0.09709648501573447,0.09846910446058833,0.0981913124300822,0.09944137656735982,0.10008683452059468,0.10098557344282043,0.10236636324151271,0.10375532339404342,0.10429456674737887,0.10464589196243075,0.10422103356283313,0.10455601807020817,0.1059041264535468,0.10654958440678165,0.1077587967748672,0.10898434985062959,0.10958078568083394,0.11054488743376703,0.11172141838649892,0.11266917943175515,0.11303684535448387,0.11383754003064864,0.11518564841398725,0.11648473467429538,0.11805344261127124,0.11769394704238094,0.11836391605713104,0.11909924790258847,0.11974470585582332,